0.0
110.0625
518.8281
0.0063478122
107.37988
521.08997
0.009579706
105.84326
522.0012
0.013094719
106.59863
520.21106
0.021727042
108.86577
516.0123
0.03437328
111.86443
509.69766
0.054114725
116.32893
499.74017
0.084019
122.99358
484.61298
0.14867622
136.18303
451.39493
0.20298031
145.53116
422.8698
0.24683635
152.62813
399.68948
0.2824093
160.08054
381.49265
0.29684612
163.92444
374.49915
0.30722985
166.89844
369.58984
0.31340766
169.58398
367.48047
0.31936634
172.5625
368.88672
0.32919696
175.24805
373.61084
0.34375915
177.05469
381.45508
0.3819683
178.81522
402.50253
0.42237443
178.82336
424.83795
0.4556965
179.21127
443.2534
0.48251072
182.32812
457.74414
0.5032794
186.42969
468.4668
0.51724213
190.14062
475.23438
0.5296863
196.0
478.8379
0.53601325
199.4668
478.37646
0.5431346
202.05469
475.41016
0.56723106
206.9375
463.01758
0.6027931
214.16406
444.73633
0.643103
223.14844
424.3457
0.6821076
232.13281
404.7461
0.714442
239.55469
388.48633
0.7377863
244.82812
376.70898
0.7517095
248.14844
369.76562
0.7544707
249.4668
368.99658
0.7594783
251.46875
370.9082
0.76894385
253.76367
375.61035
0.7832602
255.96094
383.2129
0.8016403
257.71875
393.21967
0.82326734
258.6953
405.13455
0.8709861
258.89062
431.51144
0.91447026
258.292
455.54086
0.9488856
256.9248
474.51553
0.97510475
255.57031
488.9453
0.9928419
256.54688
498.70117
1.0
257.71875
502.48047
0.0
396.0
382.42188
0.0108104665
396.1953
379.3457
0.024583727
395.51172
375.47852
0.045525678
393.0703
370.0293
0.08605248
386.23438
360.7129
0.1141962
379.20312
356.8457
0.13748619
372.5625
356.8457
0.16352989
365.72656
359.7461
0.19971116
357.71875
366.25
0.25305945
348.53906
378.3789
0.3200632
339.75
395.3418
0.39083013
332.91406
414.32617
0.46356797
327.25
434.27734
0.5332652
321.97656
453.4375
0.59297913
318.65625
470.13672
0.64418983
318.0703
484.72656
0.6854665
319.4375
496.41602
0.7153068
323.34375
503.9746
0.74449366
330.1797
508.7207
0.7778255
339.35938
511.18164
0.8156025
350.10156
510.39062
0.8563934
361.03906
506.43555
0.89671016
370.8047
500.3711
0.9313964
378.6172
494.30664
0.9566955
383.89062
489.38477
0.98350304
388.96875
483.67188
1.0
392.09375
480.15625
0.0
472.5625
346.5625
0.008591496
472.95312
344.45312
0.011975439
473.19052
345.26404
0.038615633
473.12146
351.91556
0.08607704
472.22488
363.7324
0.15200067
469.97974
380.03925
0.22301385
467.13385
397.5409
0.2856343
464.4351
412.94214
0.3931709
458.45065
439.11792
0.4812954
452.10822
460.18814
0.54672444
447.17188
475.76172
0.56930983
445.8047
481.2329
0.5843779
445.60938
484.99023
0.6011378
448.53906
487.97852
0.6310695
455.96094
487.0996
0.6833844
468.65625
484.02344
0.75806624
486.8203
479.8047
0.84228814
507.52344
476.11328
0.9147054
525.4922
474.0918
0.96320754
537.60156
473.91602
0.9905872
544.4375
474.0039
1.0
546.78125
473.82812
0.0
711.625
334.60938
0.00615411
709.8672
332.5879
0.01821507
706.7422
328.36914
0.030856801
703.8125
323.71094
0.04064313
701.2246
320.32715
0.056701936
696.58594
315.09766
0.09225342
684.8672
304.99023
0.11980683
673.9297
300.06836
0.14228573
664.16406
300.6836
0.16909704
654.59375
307.36328
0.20534232
645.41406
320.1953
0.2488465
636.8203
337.0703
0.29383814
627.83594
354.47266
0.33426085
618.2656
369.23828
0.36821398
608.8906
380.66406
0.39648423
600.10156
389.27734
0.41574392
593.65625
394.63867
0.41920206
592.4844
395.5835
0.42213386
593.65625
395.07812
0.43938488
601.0781
393.93555
0.46598732
612.60156
395.07812
0.4970936
625.8828
397.71484
0.5271999
638.5781
400.9668
0.5542613
649.3203
405.80078
0.5786099
657.3281
412.74414
0.60530967
662.21094
423.29102
0.6391257
664.16406
437.88086
0.67564625
662.60156
453.70117
0.71202016
658.5
468.99414
0.7476093
653.8125
483.75977
0.7800457
650.10156
497.3828
0.8065383
648.53906
508.8086
0.8298342
650.10156
518.8281
0.85311854
656.5469
526.6504
0.8827124
668.65625
531.0449
0.91771245
683.8906
531.2207
0.95305496
698.7344
527.17773
0.9850431
710.64844
519.9707
1.0
715.53125
515.66406
0.0
822.5625
425.66406
0.006852237
819.4375
427.1582
0.020298012
814.75
432.08008
0.026044138
813.71313
434.7934
0.035856232
812.1649
439.5056
0.04974337
810.1055
446.21674
0.0677086
807.5348
454.92676
0.15327707
797.847
497.083
0.19340388
794.82715
517.1412
0.22254938
793.83813
531.84106
0.24337767
793.78394
542.3697
0.2583085
793.5686
549.9142
0.27805865
793.46454
559.8974
0.29123032
793.2656
566.55273
0.29411367
792.4844
567.7832
0.2987662
790.9219
566.0254
0.30821547
789.2129
561.56494
0.3220333
787.9922
554.6875
0.3401047
787.4167
545.5705
0.36222413
787.6434
534.39136
0.3883869
789.04016
521.24
0.4186883
791.975
506.20633
0.4500344
796.44495
491.00433
0.47954428
802.44727
477.3479
0.53672737
818.43994
453.26877
0.5916149
837.8248
433.41797
0.6435291
859.36255
418.42435
0.66721475
870.1324
413.19293
0.68703824
879.68805
410.17532
0.70367694
888.05237
409.29126
0.71809834
895.24805
410.46045
0.7440032
906.35156
417.40234
0.77105325
912.9922
429.35547
0.80102086
913.96875
444.47266
0.83174545
908.8906
459.1504
0.84821564
903.389
465.39932
0.86826515
894.69653
470.611
0.8925177
883.124
474.65787
0.9210196
868.982
477.4124
0.94984883
854.428
478.16046
0.97548544
841.6196
476.18777
1.0
829.6841
472.85474
0.0
988.1875
306.83594
0.009799548
987.8509
309.48657
0.039198335
986.841
317.4385
0.09244908
984.5409
331.77438
0.17388713
980.3337
353.57687
0.26352584
975.7719
377.58807
0.34138933
972.4082
398.55
0.47671965
966.371
434.9516
0.5349494
963.2744
450.5235
0.58291525
960.5301
463.31058
0.6549521
956.4731
482.5284
0.70186895
955.375
495.27344
0.73070085
958.3047
502.56836
0.7626118
966.5078
505.46875
0.8114287
979.78906
504.58984
0.8717809
995.8047
500.81055
0.9282051
1010.64844
496.76758
0.9672199
1020.8047
493.60352
0.99091953
1026.6641
490.8789
1.0
1028.8125
489.64844
0.0
1193.6562
358.8672
0.008879329
1190.7266
357.02148
0.02414625
1184.8672
355.9668
0.03682571
1180.4718
358.2315
0.059882745
1173.1451
363.44354
0.076626875
1168.1262
367.6204
0.09859692
1161.862
373.46527
0.12583683
1154.3523
380.9781
0.1583686
1145.5972
390.1589
0.22344956
1129.3802
409.68106
0.27884287
1118.2402
428.18832
0.32467863
1110.9204
444.49506
0.35998502
1106.1641
457.41562
0.38675547
1103.7961
467.583
0.40739492
1103.6416
475.63016
0.4378057
1107.5234
486.83594
0.45177084
1111.5273
490.52734
0.46893543
1117.6797
493.16406
0.48817506
1125.1016
494.2627
0.5083483
1132.9141
493.33984
0.553224
1149.125
486.74805
0.6053184
1164.9453
474.0039
0.66786283
1180.0304
454.83847
0.735337
1193.001
431.94504
0.7935717
1201.1743
410.75748
0.8398381
1204.6101
393.04544
0.87727416
1205.375
378.4668
0.9072885
1202.8359
367.04102
0.93484294
1196.7812
358.16406
0.95889074
1189.5547
352.1875
0.9769743
1182.9141
349.81445
0.99110955
1178.2266
352.71484
1.0
1176.4688
355.70312
0.0
1139.75
429.8828
0.055551063
1143.0703
428.2129
0.18776752
1151.485
425.48486
0.2867704
1157.8994
423.833
0.4285995
1166.9536
420.99365
0.7161388
1185.2969
415.1963
0.91996884
1198.1484
410.63477
1.0
1203.0312
408.4375
0.0
1308.5
299.8047
0.009377236
1308.5
297.43164
0.0126148565
1307.7473
297.7553
0.036904708
1305.4893
303.47244
0.08447292
1301.5605
314.85114
0.15656132
1295.7963
332.15955
0.23590937
1289.3835
351.18823
0.30526572
1283.5095
367.72775
0.42239246
1274.227
395.8774
0.5209638
1268.3872
420.12912
0.6023489
1265.097
440.46033
0.66554505
1264.1641
456.42578
0.7095103
1265.9219
467.4121
0.7363686
1270.6094
472.33398
0.7642916
1277.6406
473.0371
0.8002657
1286.4297
470.66406
0.84094787
1295.2188
465.30273
0.88012636
1301.0781
457.3047
0.92265886
1303.2266
446.7578
0.9721286
1300.4922
434.54102
1.0
1297.5625
428.125
0.0
1274.9062
356.40625
0.03925978
1271.5459
356.0547
0.10293683
1266.0771
355.70312
0.12215203
1267.6707
355.26117
0.22782813
1276.668
353.93536
0.54642147
1303.9395
351.10367
0.8580995
1330.6934
349.18002
1.0
1342.875
348.3203
0.0
1370.2188
468.5547
0.03484582
1367.875
469.76187
0.050181095
1366.9961
470.5193
0.07735203
1369.0469
470.3771
0.20727399
1378.7488
468.79745
0.3125683
1386.6398
467.7041
0.46292815
1397.9407
466.39954
0.786292
1422.2
463.23254
0.9070938
1431.2318
461.833
0.9684168
1435.8206
461.14804
1.0
1438.1875
460.8203
0.0
1529.5938
322.3047
0.0076207467
1526.8594
321.86523
0.010352363
1526.909
320.87378
0.026850978
1532.5267
318.7783
0.06130566
1544.7386
316.01245
0.116500445
1564.571
313.00995
0.17941909
1587.2659
310.22284
0.23694846
1608.065
308.10315
0.2877847
1626.4724
306.53156
0.3306072
1641.9926
305.3886
0.36568266
1654.7126
304.56384
0.3932722
1664.72
303.94672
0.41398162
1672.2302
303.45972
0.4284192
1677.459
303.0253
0.43358704
1679.2554
302.4775
0.44158566
1676.4688
301.6504
0.4660782
1667.6797
300.24414
0.4886715
1659.4766
300.5957
0.51752424
1649.125
302.26562
0.55279124
1636.4297
304.02344
0.5897582
1623.1484
306.04492
0.62265927
1611.4297
308.41797
0.64821374
1602.25
309.82422
0.6582701
1598.9297
311.3512
0.6713237
1596.7812
315.58063
0.7057725
1594.0469
327.79742
0.7509575
1592.0938
344.10156
0.8087641
1591.113
365.0862
0.8712205
1589.9158
387.75198
0.9263143
1587.5762
407.63647
0.9667533
1585.2578
422.14844
0.9917072
1583.8906
431.11328
1.0
1583.5
434.10156
0.0
1711.625
375.03906
0.009019237
1712.9922
377.5879
0.029016102
1715.5312
383.47656
0.048177615
1717.5077
389.2949
0.08358958
1721.0933
400.07016
0.16807945
1729.2611
425.90457
0.20501328
1732.9332
437.16516
0.23398003
1736.3943
445.78558
0.27292553
1742.4844
456.68945
0.284785
1745.3652
459.17236
0.2947106
1748.5391
459.41406
0.3227875
1755.9609
454.3164
0.36587524
1763.1875
442.53906
0.41741976
1769.2422
427.1582
0.46607178
1773.7344
412.2168
0.5059393
1776.0781
399.64844
0.5313511
1777.6406
391.6504
0.53680474
1778.8613
390.39795
0.5445723
1780.9609
391.73828
0.5755726
1785.2578
400.70312
0.62168
1790.3359
414.58984
0.671426
1797.1719
429.0039
0.7097358
1803.6172
439.4629
0.73141026
1808.6953
444.20898
0.74278
1812.2109
443.2422
0.7536521
1813.627
440.05615
0.77095795
1815.1406
434.7168
0.82220745
1818.0703
418.54492
0.8845702
1821.5859
398.85742
0.94206345
1825.8828
380.92773
0.9838185
1828.2266
367.74414
1.0
1828.4219
362.5586
0.0
1890.5312
398.2422
0.009922428
1892.6797
395.69336
0.03055902
1897.5625
390.77148
0.05551756
1903.6172
384.9707
0.078879386
1908.7288
379.01486
0.12064203
1917.423
368.00284
0.16877514
1926.9678
354.9496
0.21135615
1934.6313
342.8701
0.2466871
1940.645
332.63654
0.27290666
1945.2397
325.12115
0.30504084
1950.6875
315.80078
0.30863214
1951.7617
315.25146
0.322566
1951.8594
319.93164
0.3484741
1950.9702
328.59012
0.38282597
1949.0839
339.97568
0.4675735
1943.5818
367.91055
0.5524146
1938.4556
395.9488
0.58786553
1936.6294
407.71796
0.6167771
1935.1687
417.32056
0.6592477
1932.7188
431.37695
0.6841511
1930.5703
439.4629
0.6980012
1926.4688
441.66016
0.7172573
1920.2188
439.99023
0.73595244
1914.1641
438.3203
0.754005
1908.1094
438.67188
0.771452
1902.6406
440.78125
0.77621967
1901.6152
442.01172
0.78168297
1903.2266
442.89062
0.8021128
1910.0625
443.50586
0.83180374
1920.0234
442.97852
0.8662246
1931.5469
442.01172
0.89996886
1942.875
441.57227
0.9319448
1953.6172
441.66016
0.9604363
1963.1875
441.48438
0.98719937
1972.1719
441.1328
1.0
1976.4688
440.95703
0.0
2134.2812
327.57812
0.010807128
2130.5703
328.19336
0.028876776
2124.3203
328.89648
0.054701522
2115.332
328.8086
0.07717359
2107.5156
328.51923
0.10752252
2096.9648
328.00262
0.13813977
2086.3193
327.51175
0.16142091
2078.2188
327.2995
0.1922886
2067.4844
327.7539
0.21246529
2060.8438
330.03906
0.23349854
2055.7656
335.3125
0.26345637
2051.8594
344.98047
0.3019934
2047.9531
357.8125
0.3390178
2043.8516
370.0293
0.36653253
2040.7266
379.08203
0.3847416
2038.3828
384.9707
0.38883206
2037.748
386.24512
0.39148715
2037.7969
385.32227
0.39935553
2039.1641
382.94922
0.41235965
2042.4844
379.87305
0.44066507
2051.4688
375.83008
0.4715441
2062.211
376.18164
0.51260424
2076.2734
378.73047
0.56261647
2093.0703
383.30078
0.61205035
2108.3047
391.29883
0.6527961
2117.4844
402.10938
0.68765694
2120.0234
413.9746
0.72345114
2118.0703
426.2793
0.75984734
2113.1875
437.96875
0.7954076
2105.5703
447.7246
0.82972455
2095.6094
454.3164
0.8637694
2083.8906
456.07422
0.8982793
2072.1719
453.4375
0.93143016
2061.8203
448.33984
0.9600065
2053.6172
442.71484
0.9780284
2049.5156
437.96875
0.9917102
2049.9062
433.22266
1.0
2051.0781
430.58594
0.0
2242.875
317.73438
0.011158097
2245.6094
317.64648
0.03036782
2249.3203
320.54688
0.05694225
2249.711
327.05078
0.08337743
2248.2705
333.37018
0.13369003
2245.1206
345.2971
0.25768515
2236.4556
374.4377
0.314847
2232.0864
387.75446
0.36279815
2228.2998
398.88483
0.4433543
2222.121
417.6446
0.5099004
2217.875
433.39844
0.5591764
2216.1172
445.35156
0.5926658
2216.8984
453.5254
0.6161155
2220.8047
457.74414
0.6463946
2228.2266
457.91992
0.6880474
2237.9922
454.93164
0.73472136
2248.1484
449.6582
0.78166515
2257.3281
442.71484
0.82707804
2264.164
433.92578
0.8705698
2267.289
423.73047
0.9121598
2267.4844
413.53516
0.9517491
2265.9219
403.95508
0.9854397
2262.7969
396.3086
1.0
2260.8438
393.3203
0.0
2219.4375
371.17188
0.025402801
2220.414
368.9746
0.07440621
2223.539
365.54688
0.12278033
2227.836
363.96484
0.16292271
2231.5957
363.41553
0.23736192
2238.5781
362.4707
0.42106634
2255.7656
359.83398
0.6113205
2273.539
356.9336
0.8237946
2293.477
354.2954
0.91732186
2302.2744
353.3059
0.9690947
2307.149
352.80127
1.0
2310.0625
352.53906
0.0
2383.5
297.34375
0.0056217983
2384.6719
295.32227
0.014630775
2387.455
292.81738
0.03132119
2393.461
289.3457
0.06899883
2408.1094
283.8086
0.104265444
2422.7578
283.28125
0.13721831
2435.8438
287.32422
0.16371217
2443.8516
294.8828
0.17627306
2445.463
299.84863
0.19013631
2445.2188
305.60547
0.22316949
2440.336
318.4375
0.25948533
2431.3516
330.5664
0.2936282
2421.3906
340.67383
0.3222353
2413.3828
349.4629
0.34412178
2408.8906
357.37305
0.3616202
2407.914
364.58008
0.3785022
2410.0625
371.25977
0.400193
2416.1172
377.93945
0.4235584
2424.9062
382.0703
0.4480389
2435.0625
382.68555
0.47530147
2446.3906
382.42188
0.49834296
2455.961
382.0703
0.5029396
2457.8652
381.9165
0.5070598
2456.1562
381.80664
0.5241987
2449.125
382.94922
0.5429272
2442.0938
386.28906
0.5650853
2433.6953
390.06836
0.5895664
2424.3203
394.02344
0.61529666
2415.336
399.82422
0.6422816
2406.7422
407.03125
0.6674305
2399.711
414.76562
0.69040036
2395.414
423.29102
0.712153
2394.2422
432.25586
0.7345481
2396.0
441.39648
0.7579902
2399.125
450.625
0.78163254
2402.25
459.9414
0.8050482
2404.3984
469.4336
0.828962
2404.789
479.36523
0.8515832
2402.25
488.41797
0.8742174
2396.0
495.44922
0.89683235
2387.9922
500.3711
0.91726464
2379.789
502.56836
0.9379453
2371.1953
502.39258
0.9587793
2362.7969
500.2832
0.977668
2356.3516
495.80078
0.99338347
2353.0312
490.17578
1.0
2352.25
487.53906