0
2
3
4
0
2
3
4
5
0
2
1
0
0
4
0
6
7
8
73
0
0
0
77
0
79
80
81
0
0
84
85
0
0
88
89
90
0
92
0
0
0
96
100
97
0
0
0
0
103
0
105
0
0
108
109
110
111
0
113
0
0
0
117
0
119
120
121
0
0
0
125
126
0
128
129
0
0
132
0
134
135
0
137
0
0
0
0
142
143
144
145
0
0
148
149
150
0
0
0
0
0
9
13
0
15
16
153
0
0
0
0
158
159
0
161
0
0
164
165
166
0
168
169
0
0
172
173
0
175
0
177
0
0
0
181
182
0
184
185
0
0
188
0
0
191
192
193
0
0
196
197
198
199
0
201
0
0
204
205
206
0
208
209
0
0
0
213
214
0
0
217
218
0
220
0
0
0
224
225
0
0
228
229
230
0
0
17
0
0
0
21
0
23
24
233
0
0
236
0
0
0
0
241
0
0
244
0
0
247
0
249
250
0
252
0
0
0
0
257
0
0
260
261
0
263
0
265
0
0
268
269
0
0
272
273
274
0
0
277
0
279
280
281
282
0
0
285
286
0
288
289
0
0
292
293
294
0
296
297
298
0
0
0
302
303
304
305
306
0
0
0
310
311
0
25
0
0
0
29
30
31
32
313
314
0
0
317
0
0
0
321
322
0
0
325
326
0
0
329
0
0
332
333
334
335
0
337
0
0
340
341
342
0
0
345
346
0
0
349
350
351
0
353
354
0
0
0
358
359
360
361
0
0
364
365
0
0
368
369
370
0
0
373
0
0
376
377
378
0
0
381
0
383
0
37
38
0
0
33
0
0
0
41
42
0
0
0
46
0
48
49
50
0
52
0
0
0
0
57
58
0
60
0
0
0
0
65
0
0
68
69
70
0
0